380 20260301 197 46 47 90 12 30 1 140 13 82 29 3 135 14 11 6 94 86 1185 0 0 0 1 10229 10244 1 10216 24 80 8 83 6 3 71 87 5 56 13 17
380 20260302 167 30 31 50 10 20 2 100 11 114 64 4 169 15 42 6 99 90 1279 0 0 0 1 10209 10229 24 10196 15 81 11 83 1 1 62 75 4 44 14 19
380 20260303 191 10 24 30 1 10 16 80 7 114 56 7 183 16 26 24 100 91 1253 0 0 0 1 10256 10272 23 10232 1 71 24 83 1 0 69 86 24 44 16 19
380 20260304 72 16 20 40 20 10 1 60 20 104 26 7 169 14 2 6 100 90 1235 0 0 0 1 10257 10271 8 10234 24 27 20 75 16 2 74 96 7 54 15 18
380 20260305 98 25 26 40 15 20 2 60 15 113 43 4 184 15 9 6 103 92 1315 0 0 0 1 10199 10230 1 10174 17 63 5 83 20 1 62 83 3 39 13 20
380 20260306 63 10 14 20 1 10 2 40 13 117 49 6 186 14 12 6 90 80 1079 0 0 0 1 10212 10235 23 10191 1 65 21 81 2 5 67 79 4 45 14 17
380 20260307 52 14 20 40 14 10 1 60 14 104 47 7 166 14 19 6 81 72 1053 0 0 0 1 10244 10254 10 10235 2 21 24 75 3 4 77 96 23 52 14 16
380 20260308 32 11 18 30 1 10 4 40 16 93 45 8 163 15 19 24 76 67 1227 0 0 0 1 10233 10248 9 10218 23 0 2 72 24 5 85 100 10 59 14 18
380 20260309 200 25 27 40 1 10 17 60 5 121 58 6 186 14 39 12 105 92 1298 2 1 1 22 10199 10220 1 10182 16 60 5 81 16 3 71 84 6 50 15 20
380 20260310 208 30 34 50 13 20 2 90 23 109 76 7 150 12 49 6 34 30 733 2 11 10 7 10168 10182 1 10153 24 69 8 83 15 7 77 88 7 64 16 11
380 20260311 208 49 54 90 10 20 18 160 10 89 40 23 115 16 20 24 5 4 453 54 42 13 12 10140 10200 24 10112 11 62 10 83 1 6 82 90 21 75 4 6
380 20260312 205 67 68 90 12 30 1 140 13 86 43 5 128 15 28 6 95 82 1335 0 0 0 1 10188 10225 9 10123 24 58 2 83 17 6 71 92 5 53 15 19
380 20260313 203 57 63 110 9 30 14 170 9 73 34 24 105 9 29 24 0 0 300 87 75 17 12 10050 10109 1 10007 24 59 10 83 1 8 82 91 16 66 1 4
380 20260314 225 17 23 40 11 10 5 80 17 32 5 9 66 16 -3 24 13 11 574 135 95 12 7 10038 10112 24 9991 3 33 8 83 19 7 91 94 3 83 15 7
380 20260315 199 37 39 80 23 10 2 170 24 53 -2 7 98 15 -14 12 83 70 1221 9 9 6 24 10147 10170 9 10112 24 27 7 83 17 5 79 96 6 59 16 16
380 20260316 244 39 41 80 1 10 18 140 12 75 53 20 98 13 25 24 34 29 875 13 22 9 12 10163 10208 24 10107 3 66 2 83 1 7 77 88 3 61 11 12
380 20260317 170 23 30 40 8 20 15 80 11 99 70 24 148 15 41 24 30 25 952 0 -1 -1 1 10205 10215 8 10193 16 47 8 83 14 8 80 95 8 61 15 14
380 20260318 80 40 42 70 13 20 6 120 15 94 45 6 145 14 18 6 110 92 1692 0 0 0 1 10243 10261 24 10215 1 74 4 83 1 2 61 86 2 39 14 24
380 20260319 49 32 34 50 13 20 23 80 13 93 15 6 160 14 -6 6 108 90 1625 0 0 0 1 10249 10273 8 10226 24 62 7 80 13 3 62 85 6 36 13 23
380 20260320 36 31 31 50 16 10 5 70 13 81 25 6 147 14 -13 6 84 69 1421 0 0 0 1 10204 10225 1 10182 24 59 6 83 22 5 70 86 5 49 15 20
380 20260321 39 41 41 60 19 20 4 90 12 72 8 6 142 14 -8 6 110 90 1685 0 0 0 1 10168 10183 8 10152 24 49 24 82 1 1 75 93 24 47 15 23
380 20260322 64 31 35 60 14 0 24 90 14 86 28 4 145 15 -3 24 113 92 1699 0 0 0 1 10153 10162 7 10140 16 42 1 81 16 0 67 93 2 42 15 24
380 20260323 225 18 21 30 4 10 1 60 15 90 21 4 155 13 -7 6 94 76 1428 0 0 0 1 10194 10218 21 10161 1 61 5 82 18 7 63 85 7 38 17 20
380 20260324 211 60 61 90 24 30 2 140 24 114 55 2 167 14 35 6 42 34 1126 0 0 0 1 10156 10211 1 10053 24 60 1 80 18 7 59 75 1 41 13 17
380 20260325 251 45 50 90 1 20 14 170 3 62 14 24 126 1 6 24 16 13 596 51 86 21 11 10056 10119 24 10015 5 56 6 83 8 8 80 92 24 55 1 8
380 20260326 296 27 33 60 17 20 12 130 11 31 -6 24 72 15 -22 24 70 56 1111 21 20 8 13 10181 10230 24 10123 1 71 7 83 4 6 80 92 1 61 16 13
380 20260327 204 37 38 50 17 20 1 80 21 44 -27 5 86 16 -38 6 81 64 1527 0 -1 -1 1 10228 10251 10 10191 24 50 4 83 16 5 71 95 3 50 15 19
380 20260328 267 31 42 70 16 30 7 120 12 63 35 24 100 15 26 24 40 32 902 73 84 22 6 10210 10270 24 10171 3 36 6 83 18 7 75 95 6 45 16 12
380 20260329 233 42 43 80 21 10 10 160 22 62 -1 6 110 13 -13 6 71 56 1443 24 21 15 23 10264 10303 9 10178 24 30 6 83 15 6 73 96 6 49 14 19
380 20260330 295 43 48 80 1 20 19 200 2 63 26 24 96 11 -3 24 78 61 1229 14 37 24 2 10198 10260 24 10159 3 40 2 83 1 4 76 90 4 57 11 16
380 20260331 245 15 23 40 8 10 16 60 14 61 -1 4 110 16 -15 6 17 13 913 0 0 0 1 10282 10293 11 10266 1 61 6 82 20 6 78 93 5 62 16 12