380 20260201 149 31 34 50 11 20 2 90 11 66 22 2 94 14 -2 6 21 23 416 0 -1 -1 1 10052 10072 2 10020 24 64 3 83 14 7 82 97 2 71 14 6
380 20260202 89 45 46 60 19 30 10 110 20 43 17 23 66 13 6 24 24 26 365 48 32 10 4 9999 10015 1 9984 24 56 5 83 13 6 87 96 4 80 13 5
380 20260203 107 33 52 60 4 40 15 100 7 44 12 5 83 24 4 6 5 5 225 29 32 16 10 9964 9988 24 9951 15 45 10 83 17 8 88 96 12 82 1 3
380 20260204 93 35 41 70 18 20 6 110 18 60 29 24 82 1 17 12 72 77 691 0 0 0 1 9960 9985 1 9926 24 65 23 83 1 5 83 90 5 79 16 9
380 20260205 84 32 33 40 2 20 16 60 1 42 9 7 84 15 -2 12 20 21 404 14 3 2 18 9894 9926 1 9873 21 57 20 76 17 8 89 95 21 79 14 5
380 20260206 145 21 31 40 1 20 5 100 8 68 37 4 99 16 33 6 8 8 283 88 67 13 23 9914 9981 24 9873 1 43 7 83 15 8 93 98 12 85 17 4
380 20260207 171 29 32 40 8 20 20 70 10 83 53 23 130 13 34 24 76 80 704 0 0 0 1 10031 10066 23 9987 1 72 5 83 16 7 83 96 3 66 13 10
380 20260208 89 23 28 40 13 20 4 70 16 51 7 24 103 14 -18 24 87 91 836 0 0 0 1 10077 10086 11 10064 2 61 7 83 17 6 90 98 24 78 14 11
380 20260209 129 18 22 30 11 10 13 90 17 39 -11 6 87 16 -37 6 82 85 683 0 0 0 1 10046 10075 1 9999 24 65 22 83 16 8 85 96 5 69 15 8
380 20260210 161 27 35 60 13 20 9 110 14 74 33 1 112 13 13 6 1 1 312 26 26 12 24 9918 9991 1 9834 24 59 23 83 11 8 87 98 24 78 12 4
380 20260211 217 33 40 70 16 20 1 130 16 96 82 24 118 15 73 24 2 2 180 94 87 16 5 9834 9854 12 9767 24 20 6 83 1 8 95 99 4 85 22 3
380 20260212 248 29 39 60 9 20 5 110 10 84 74 24 91 12 69 24 3 3 226 105 106 20 8 9814 9896 24 9735 4 30 6 83 1 8 94 99 4 86 21 3
380 20260213 17 21 38 60 18 10 8 90 1 45 11 24 74 1 8 24 0 0 203 30 20 9 11 9937 9995 24 9906 1 34 12 82 2 8 92 98 13 88 16 3
380 20260214 16 44 45 60 1 0 22 100 5 -7 -43 24 12 1 -65 24 0 0 123 0 0 0 1 10118 10203 24 10003 1 58 4 83 14 7 86 94 22 78 15 1
380 20260215 171 36 38 80 12 10 1 130 13 -2 -46 1 39 13 -68 6 57 57 786 76 74 21 21 10093 10202 2 9956 24 6 18 83 14 7 85 99 17 62 12 8
380 20260216 234 41 43 60 12 20 17 140 15 44 14 20 72 14 6 6 23 23 359 56 80 27 20 9968 10018 24 9951 1 18 1 83 13 8 93 99 1 82 18 4
380 20260217 260 44 45 60 8 30 1 120 16 34 17 23 53 14 7 24 31 31 392 52 74 32 1 10099 10158 23 10023 1 50 10 80 11 8 92 98 1 85 16 5
380 20260218 93 39 46 80 19 10 4 130 24 23 -13 6 59 14 -25 6 67 66 849 24 33 24 23 10090 10160 1 9987 24 50 5 83 16 7 83 99 5 66 17 10
380 20260219 88 57 58 80 1 30 19 140 1 32 15 1 62 14 6 24 40 39 637 73 62 16 7 10022 10135 24 9966 4 58 1 83 8 8 88 95 5 81 15 8
380 20260220 210 46 50 80 20 20 1 140 24 55 8 2 84 24 -8 6 0 0 288 38 15 4 21 10183 10212 12 10143 1 14 8 83 17 7 88 99 7 78 14 4
380 20260221 229 46 47 60 1 40 2 110 1 92 77 2 112 23 69 6 0 0 211 81 57 13 24 10202 10219 18 10168 1 21 12 83 1 8 93 99 11 87 5 3
380 20260222 236 56 57 80 11 40 23 130 11 112 90 24 123 10 76 24 0 0 143 113 102 26 16 10178 10199 1 10167 20 37 13 83 3 8 95 99 2 88 10 2
380 20260223 236 56 57 90 12 40 1 150 12 94 76 2 124 14 64 6 18 17 506 26 15 8 15 10165 10175 23 10158 16 57 15 83 1 8 85 97 24 67 14 7
380 20260224 212 19 21 40 1 10 6 60 1 107 85 1 127 15 82 6 0 0 267 46 16 5 5 10193 10204 23 10169 2 5 6 83 24 8 97 99 1 91 14 4
380 20260225 155 23 27 40 15 10 3 60 13 127 52 6 198 15 29 6 97 91 1164 0 0 0 1 10196 10202 10 10184 14 10 6 83 1 2 78 100 6 54 15 18
380 20260226 209 46 48 60 14 30 9 110 16 135 94 7 184 15 81 12 93 87 1058 0 0 0 1 10198 10216 10 10186 23 80 10 83 1 5 77 88 7 57 16 17
380 20260227 210 52 54 80 12 20 6 130 12 136 87 7 182 13 57 6 84 78 1081 29 13 7 24 10156 10184 1 10140 16 72 23 83 1 4 70 90 24 46 14 17
380 20260228 220 60 61 100 10 30 21 170 10 93 38 24 123 12 20 24 12 11 405 12 5 2 15 10189 10243 24 10150 1 72 17 83 1 6 76 88 1 63 13 6