380 20260101 236  66  67  80 13 50 18 140 12  27  16   4  35 21  12   6   0   0  62 26  7  3 16 10072 10171   1 10005  24 37 15 83  5 8 86 95 16 79  6 1
380 20260102 247  51  52  70  4 30 19 130  3  14  -6  23  35 13  -3  24  29  36 305 30 51 24 17 10020 10053  23 10000   3  5 16 83  1 6 84 99 17 64 15 3
380 20260103 233  47  48  60 13 40  1 110 13  -1 -14   2  14 13  -8   6  20  25 269 41 27  5 10 10055 10089  24 10032   7  9 15 83  4 8 90 100 23 75 14 3
380 20260104 221  44  45  50  4 40  1 100  4 -15 -48  24   4 14 -51  24  61  76 449 10 14  8  1 10111 10124  21 10090   1 17  1 83  4 4 85 99  1 76 14 4
380 20260105 203  48  49  60 11 40  1 100 11 -23 -49   1  -3 13 -57   6   2   2 181 29 20  9 15 10122 10133  23 10112  13 15 15 83  1 7 84 97 15 78  8 2
380 20260106 213  35  39  60 17 20  5 100 22 -15 -33  23   3 14 -38  24  15  18 236  2  1  1  2 10161 10178  10 10133   1 18  2 77 22 6 91 97  3 86 24 2
380 20260107 195  76  76 100 12 40 21 150  9 -10 -27   1   7 23 -33   6  15  18 187 58 32 10 11 10085 10139   1 10061  15 12 10 82  4 8 84 94 11 77  9 2
380 20260108 175  34  39  50  2 20 15  90 22  18  -6   3  55 24  -1  12   6   7 249 61 39 11 22 10030 10073   2  9891  24 20 15 83 24 8 92 99 14 85 12 3
380 20260109 209  69  75 120 11 30 22 210 11  34  -2  24  73  5  -2  24   0   0  64 144 78 13 21 9862  9941  24  9814  10 10 22 83  1 8 90 99 21 79  7 1
380 20260110 345  30  32  50  1 10 23  80  4 -27 -53  24  -1  1 -52  24   0   0  95 62 20  5  4 10104 10230  24  9953   1 14  6 75 19 8 92 99  1 85 18 1
380 20260111 175  34  36  60 20 10  2 120 24 -15 -60   1  15 24 -71   6   0   0 162  0 -1 -1  1 10225 10256  10 10152  24 56  6 82 20 8 86 96  1 77 24 2
380 20260112 200  59  60  80 19 40 22 120 10  57   9   2  94 22   3   6   0   0 126 82 61 11 16 10096 10144   1 10071  17 32  6 83  2 8 90 97 16 71  3 2
380 20260113 193  45  46  60  9 30  1 100 10  94  75   1 109 15  65   6  32  38 289 12  4  2  7 10096 10112  10 10083  20 46  5 83  1 8 84 97  5 73 15 4
380 20260114 209  26  32  50  2 10 13  90 21  85  75  12 101  2  71  24   0   0  45 85 46  8  6 10128 10147  12 10093   1  3 14 83  1 8 94 99  8 78  2 1
380 20260115 183  53  55  70 11 40 16 120 11  99  82   6 111 24  70   6  16  19 200  3  1  1 15 10092 10117   1 10058  24 82  7 83  1 8 82 90  4 72 24 3
380 20260116 191  35  40  90  2 10 23 150  3  94  69  23 112  1  50  24   3   4 160 11  7  3 24 10124 10158  23 10061   1 81 13 83  1 8 86 95 11 72  1 2
380 20260117 100  21  23  40  3 10 20  60  3  81  31  21 129 14  10  24  60  71 514  0  0  0  1 10181 10206  21 10153   3 68 22 83  1 8 83 96 21 70 12 7
380 20260118  74  29  31  50 13 10 22  70 13  25 -11  23  59 13 -28  24  71  83 529  0  0  0  1 10195 10206   9 10186  15 57 24 81  2 5 90 98  5 79 13 6
380 20260119 146  13  16  20  1 10  2  40  9  20 -15   2  76 15 -34   6  48  56 389  0  0  0  1 10191 10198  21 10182   3 56  1 80 13 6 89 97  3 71 14 4
380 20260120 151  18  24  40 11 10  5  80 12  20 -31   7  63 14 -49  12  75  87 555  0  0  0  1 10159 10194   1 10097  24 32  9 83 15 6 84 99  7 68 14 6
380 20260121 120  24  30  40 10 10  1  70 10  56  11   2 114 15 -12   6  50  58 451  0  0  0  1 10023 10092   1  9967  24 70 17 83  1 8 74 88  1 61  5 6
380 20260122 111  24  29  40 23 20  4  80 10  45  -2   8  87 14 -19  12  54  62 507  0 -1 -1  1  9953  9964   2  9946  23 67 11 80  4 8 76 83 24 64 13 6
380 20260123 114  28  31  40  1 20  5  70  1  58  30  22  86 16  14  24  39  45 358  0  0  0  1  9948  9979  24  9933  13 61 21 81 16 7 82 90  8 71 16 5
380 20260124 115  19  23  40 17 10 12  60 10  52   6  23 100 14  -7  24  61  69 564  0 -1 -1  1 10005 10017  11  9985   1 58 21 82 14 6 82 93 22 65 15 7
380 20260125  72  18  20  30  1 10  9  50  1  -6 -38  24  27 12 -58  24  12  14 331  0  0  0  1  9981 10001   1  9967  16 42 24 61  9 7 87 96 23 82 13 3
380 20260126 243  15  20  40 12 10  1  70 12 -17 -42   1  -2 24 -65   6   0   0  81  0  0  0  1 10026 10055  20  9980   1  9 14 44  1 7 97 99  3 94  1 1
380 20260127 126  22  30  40  8 20  1  70 20  33  -2   1  61 14  -5   6   0   0 194 66 58 18 16  9954 10031   1  9914  16 34  1 83 14 8 91 97 23 80 14 2
380 20260128 357  13  25  40 17 10  7  60 17  40   5  24  61  2   4  24   0   0  92  0  0  0  1  9951  9974  23  9935   1  3 21 83  1 8 98 99  5 95  1 1
380 20260129 341   8  15  30  2 10  5  40  1   5  -2  24  12 14 -13  24   0   0 108  0 -1 -1  1  9992 10002  17  9975   1 18  2 57 12 8 94 98  2 89 12 1
380 20260130 110  25  28  40 10 20  1  70 17  23 -30   8  64 13 -39  12  56  62 588  0 -1 -1  1  9969  9987   2  9961  14  1  2 83 16 4 89 99  2 79 16 7
380 20260131 158  23  26  30  1 20  4  90 17  68  42   3  97 13  21  24  16  17 335 12  5  2  2 10019 10069  23  9963   1 61  4 83  8 8 87 95  3 81 14 4